Location: Taipei
discretization:
	temperature: 1
	power: 10
temperature unique data length:  19 , min value: 13 , max value: 31
powerSupply unique data length:  51 , min value: 500 , max value: 1070
powerUsage unique data length:  43 , min value: 69 , max value: 116


transactions length:  196
transactions: 
[
[26, 73] ,  [29, 88] ,  [28, 98] ,  [28, 105] ,  [29, 94] ,  [29, 96] ,  [28, 109] ,  [28, 105] , 
[27, 106] ,  [28, 106] ,  [26, 102] ,  [26, 90] ,  [23, 78] ,  [23, 81] ,  [25, 96] ,  [23, 95] , 
[24, 94] ,  [25, 95] ,  [26, 87] ,  [28, 85] ,  [27, 102] ,  [28, 104] ,  [28, 106] ,  [29, 107] , 
[30, 109] ,  [28, 97] ,  [27, 89] ,  [26, 100] ,  [28, 100] ,  [29, 107] ,  [28, 106] ,  [28, 104] , 
[23, 82] ,  [22, 74] ,  [23, 83] ,  [22, 88] ,  [20, 86] ,  [20, 87] ,  [21, 88] ,  [23, 79] , 
[24, 77] ,  [25, 92] ,  [22, 91] ,  [19, 87] ,  [19, 87] ,  [21, 84] ,  [24, 79] ,  [25, 77] , 
[25, 92] ,  [24, 98] ,  [24, 92] ,  [25, 93] ,  [24, 92] ,  [25, 83] ,  [24, 78] ,  [22, 91] , 
[22, 93] ,  [19, 89] ,  [18, 87] ,  [21, 88] ,  [23, 79] ,  [18, 73] ,  [19, 84] ,  [21, 87] , 
[22, 89] ,  [20, 87] ,  [19, 86] ,  [21, 79] ,  [23, 76] ,  [22, 88] ,  [19, 87] ,  [19, 87] , 
[20, 88] ,  [21, 86] ,  [20, 78] ,  [19, 74] ,  [21, 87] ,  [20, 88] ,  [18, 87] ,  [15, 85] , 
[15, 84] ,  [18, 76] ,  [21, 73] ,  [22, 87] ,  [24, 91] ,  [25, 92] ,  [21, 89] ,  [18, 85] , 
[19, 75] ,  [22, 73] ,  [23, 84] ,  [16, 85] ,  [14, 85] ,  [15, 83] ,  [18, 81] ,  [20, 72] , 
[22, 69] ,  [21, 75] ,  [20, 89] ,  [23, 90] ,  [22, 90] ,  [22, 89] ,  [22, 80] ,  [20, 74] , 
[17, 86] ,  [18, 86] ,  [19, 88] ,  [19, 88] ,  [15, 86] ,  [13, 75] ,  [13, 74] ,  [15, 87] , 
[19, 88] ,  [20, 88] ,  [19, 88] ,  [14, 87] ,  [14, 78] ,  [14, 74] ,  [14, 86] ,  [14, 91] , 
[25, 86] ,  [25, 97] ,  [24, 95] ,  [17, 77] ,  [19, 72] ,  [21, 88] ,  [23, 92] ,  [23, 93] , 
[17, 88] ,  [19, 85] ,  [21, 75] ,  [23, 73] ,  [25, 79] ,  [25, 94] ,  [25, 96] ,  [27, 99] , 
[27, 99] ,  [24, 84] ,  [23, 78] ,  [26, 98] ,  [25, 97] ,  [28, 102] ,  [28, 104] ,  [27, 103] , 
[24, 86] ,  [26, 82] ,  [26, 99] ,  [21, 93] ,  [23, 93] ,  [25, 96] ,  [24, 95] ,  [25, 79] , 
[24, 80] ,  [26, 98] ,  [27, 103] ,  [27, 102] ,  [22, 94] ,  [23, 91] ,  [22, 79] ,  [23, 75] , 
[26, 80] ,  [27, 83] ,  [28, 102] ,  [30, 107] ,  [25, 101] ,  [24, 94] ,  [25, 84] ,  [27, 103] , 
[29, 108] ,  [30, 111] ,  [29, 112] ,  [30, 111] ,  [29, 100] ,  [28, 94] ,  [27, 109] ,  [27, 111] , 
[25, 101] ,  [22, 96] ,  [23, 97] ,  [23, 85] ,  [24, 81] ,  [26, 99] ,  [28, 103] ,  [29, 108] , 
[29, 111] ,  [30, 111] ,  [30, 100] ,  [30, 97] ,  [31, 116] ,  [30, 116] ,  [30, 116] ,  [30, 115] , 
[29, 112] ,  [28, 98] ,  [29, 95] ,  [28, 112] ,  ]


Apriori algorithm:
min_support:  0.02
min_confidence:  0.1

Frequent item set:( size: 43 )
[ [14] , [15] , [18] , [19] , [20] , [21] , [22] , [23] , [24] , [25] , [26] , [27] , [28] , [29] , [30] , [73] , [74] , [75] , [78] , [79] , [83] , [84] , [85] , [86] , [87] , [88] , [89] , [91] , [92] , [93] , [94] , [95] , [96] , [97] , [98] , [99] , [100] , [102] , [103] , [106] , [111] , [19, 87] , [19, 88] , ]

Rules:
[19] -> [87] , confidence: 0.266666666667 support: 0.0204081632653
[87] -> [19] , confidence: 0.285714285714 support: 0.0204081632653
[19] -> [88] , confidence: 0.266666666667 support: 0.0204081632653
[88] -> [19] , confidence: 0.285714285714 support: 0.0204081632653


Pymining algorithm:
Frequent item set:( size: 43 )
[ 94 , ],  [ 103 , ],  [ 84 , ],  [ 106 , ],  [ 99 , ],  [ 96 , ],  [ 79 , ],  [ 75 , ],  [ 25 , ],  [ 78 , ],  [ 87 , ],  [ 21 , ],  [ 26 , ],  [ 19 , ],  [ 22 , ],  [ 98 , ],  [ 111 , ],  [ 28 , ],  [ 100 , ],  [ 95 , ],  [ 29 , ],  [ 91 , ],  [ 88 , ],  [ 30 , ],  [ 20 , ],  [ 102 , ],  [ 15 , ],  [ 89 , ],  [ 14 , ],  [ 23 , ],  [ 85 , ],  [ 83 , ],  [ 97 , ],  [ 86 , ],  [ 73 , ],  [ 19 , 87 , ],  [ 74 , ],  [ 92 , ],  [ 18 , ],  [ 88 , 19 , ],  [ 93 , ],  [ 27 , ],  [ 24 , ],  

Rules:
87 -> 19 , confidence: 0.285714285714 , support: 0.0204081632653
19 -> 87 , confidence: 0.266666666667 , support: 0.0204081632653
19 -> 88 , confidence: 0.266666666667 , support: 0.0204081632653
88 -> 19 , confidence: 0.285714285714 , support: 0.0204081632653
