Location: Taipei
discretization:
	temperature: 1
	power: 10
temperature unique data length:  19 , min value: 13 , max value: 31
powerSupply unique data length:  51 , min value: 500 , max value: 1070
powerUsage unique data length:  43 , min value: 690 , max value: 1160


transactions length:  196
transactions: 
[
[26, 530] ,  [29, 680] ,  [28, 850] ,  [28, 890] ,  [29, 810] ,  [29, 780] ,  [28, 1000] ,  [28, 1010] , 
[27, 990] ,  [28, 930] ,  [26, 910] ,  [26, 750] ,  [23, 620] ,  [23, 710] ,  [25, 830] ,  [23, 840] , 
[24, 870] ,  [25, 880] ,  [26, 820] ,  [28, 800] ,  [27, 960] ,  [28, 940] ,  [28, 980] ,  [29, 970] , 
[30, 1000] ,  [28, 920] ,  [27, 840] ,  [26, 970] ,  [28, 980] ,  [29, 1000] ,  [28, 990] ,  [28, 990] , 
[23, 820] ,  [22, 740] ,  [23, 800] ,  [22, 900] ,  [20, 870] ,  [20, 850] ,  [21, 850] ,  [23, 750] , 
[24, 710] ,  [25, 900] ,  [22, 890] ,  [19, 900] ,  [19, 880] ,  [21, 870] ,  [24, 820] ,  [25, 720] , 
[25, 920] ,  [24, 990] ,  [24, 930] ,  [25, 930] ,  [24, 930] ,  [25, 800] ,  [24, 680] ,  [22, 850] , 
[22, 850] ,  [19, 810] ,  [18, 800] ,  [21, 840] ,  [23, 730] ,  [18, 650] ,  [19, 800] ,  [21, 820] , 
[22, 820] ,  [20, 780] ,  [19, 800] ,  [21, 720] ,  [23, 670] ,  [22, 830] ,  [19, 800] ,  [19, 810] , 
[20, 810] ,  [21, 810] ,  [20, 720] ,  [19, 670] ,  [21, 820] ,  [20, 820] ,  [18, 780] ,  [15, 790] , 
[15, 780] ,  [18, 670] ,  [21, 590] ,  [22, 790] ,  [24, 840] ,  [25, 830] ,  [21, 760] ,  [18, 730] , 
[19, 630] ,  [22, 580] ,  [23, 730] ,  [16, 740] ,  [14, 750] ,  [15, 700] ,  [18, 670] ,  [20, 580] , 
[22, 510] ,  [21, 580] ,  [20, 700] ,  [23, 730] ,  [22, 770] ,  [22, 740] ,  [22, 600] ,  [20, 550] , 
[17, 710] ,  [18, 720] ,  [19, 760] ,  [19, 730] ,  [15, 720] ,  [13, 580] ,  [13, 560] ,  [15, 740] , 
[19, 760] ,  [20, 750] ,  [19, 740] ,  [14, 650] ,  [14, 580] ,  [14, 500] ,  [14, 680] ,  [14, 740] , 
[25, 870] ,  [25, 900] ,  [24, 860] ,  [17, 700] ,  [19, 590] ,  [21, 830] ,  [23, 880] ,  [23, 890] , 
[17, 800] ,  [19, 770] ,  [21, 660] ,  [23, 660] ,  [25, 660] ,  [25, 850] ,  [25, 910] ,  [27, 910] , 
[27, 920] ,  [24, 770] ,  [23, 700] ,  [26, 890] ,  [25, 900] ,  [28, 920] ,  [28, 1000] ,  [27, 1000] , 
[24, 870] ,  [26, 780] ,  [26, 950] ,  [21, 870] ,  [23, 850] ,  [25, 910] ,  [24, 910] ,  [25, 780] , 
[24, 770] ,  [26, 960] ,  [27, 1010] ,  [27, 990] ,  [22, 910] ,  [23, 900] ,  [22, 800] ,  [23, 740] , 
[26, 820] ,  [27, 770] ,  [28, 970] ,  [30, 980] ,  [25, 930] ,  [24, 830] ,  [25, 730] ,  [27, 950] , 
[29, 980] ,  [30, 980] ,  [29, 980] ,  [30, 980] ,  [29, 930] ,  [28, 880] ,  [27, 990] ,  [27, 1030] , 
[25, 960] ,  [22, 900] ,  [23, 890] ,  [23, 740] ,  [24, 680] ,  [26, 880] ,  [28, 940] ,  [29, 1010] , 
[29, 1070] ,  [30, 1060] ,  [30, 940] ,  [30, 880] ,  [31, 1060] ,  [30, 1050] ,  [30, 1030] ,  [30, 1010] , 
[29, 1020] ,  [28, 930] ,  [29, 870] ,  [28, 1000] ,  ]


Apriori algorithm:
min_support:  0.015
min_confidence:  0.1

Frequent item set:( size: 55 )
[ [14] , [15] , [17] , [18] , [19] , [20] , [21] , [22] , [23] , [24] , [25] , [26] , [27] , [28] , [29] , [30] , [580] , [660] , [670] , [680] , [700] , [710] , [720] , [730] , [740] , [750] , [760] , [770] , [780] , [800] , [810] , [820] , [830] , [840] , [850] , [870] , [880] , [890] , [900] , [910] , [920] , [930] , [940] , [960] , [970] , [980] , [990] , [1000] , [1010] , [19, 800] , [23, 730] , [25, 900] , [27, 990] , [28, 1000] , [30, 980] , ]

Rules:
[19] -> [800] , confidence: 0.2 support: 0.015306122449
[800] -> [19] , confidence: 0.333333333333 support: 0.015306122449
[23] -> [730] , confidence: 0.157894736842 support: 0.015306122449
[730] -> [23] , confidence: 0.5 support: 0.015306122449
[25] -> [900] , confidence: 0.157894736842 support: 0.015306122449
[900] -> [25] , confidence: 0.428571428571 support: 0.015306122449
[27] -> [990] , confidence: 0.25 support: 0.015306122449
[990] -> [27] , confidence: 0.5 support: 0.015306122449
[28] -> [1000] , confidence: 0.157894736842 support: 0.015306122449
[1000] -> [28] , confidence: 0.5 support: 0.015306122449
[30] -> [980] , confidence: 0.3 support: 0.015306122449
[980] -> [30] , confidence: 0.428571428571 support: 0.015306122449


Pymining algorithm:
Frequent item set:( size: 55 )
[ 990 , ],  [ 30 , ],  [ 980 , ],  [ 980 , 30 , ],  [ 20 , ],  [ 840 , ],  [ 25 , ],  [ 580 , ],  [ 21 , ],  [ 26 , ],  [ 19 , ],  [ 22 , ],  [ 940 , ],  [ 710 , ],  [ 28 , ],  [ 27 , 990 , ],  [ 850 , ],  [ 800 , 19 , ],  [ 1000 , ],  [ 750 , ],  [ 740 , ],  [ 25 , 900 , ],  [ 29 , ],  [ 770 , ],  [ 670 , ],  [ 660 , ],  [ 810 , ],  [ 800 , ],  [ 730 , 23 , ],  [ 870 , ],  [ 15 , ],  [ 700 , ],  [ 1010 , ],  [ 14 , ],  [ 23 , ],  [ 900 , ],  [ 730 , ],  [ 720 , ],  [ 930 , ],  [ 1000 , 28 , ],  [ 760 , ],  [ 830 , ],  [ 910 , ],  [ 820 , ],  [ 970 , ],  [ 960 , ],  [ 17 , ],  [ 18 , ],  [ 680 , ],  [ 890 , ],  [ 24 , ],  [ 880 , ],  [ 780 , ],  [ 27 , ],  [ 920 , ],  

Rules:
30 -> 980 , confidence: 0.3 , support: 0.015306122449
980 -> 30 , confidence: 0.428571428571 , support: 0.015306122449
990 -> 27 , confidence: 0.5 , support: 0.015306122449
27 -> 990 , confidence: 0.25 , support: 0.015306122449
19 -> 800 , confidence: 0.2 , support: 0.015306122449
800 -> 19 , confidence: 0.333333333333 , support: 0.015306122449
900 -> 25 , confidence: 0.428571428571 , support: 0.015306122449
25 -> 900 , confidence: 0.157894736842 , support: 0.015306122449
23 -> 730 , confidence: 0.157894736842 , support: 0.015306122449
730 -> 23 , confidence: 0.5 , support: 0.015306122449
28 -> 1000 , confidence: 0.157894736842 , support: 0.015306122449
1000 -> 28 , confidence: 0.5 , support: 0.015306122449
