Location: Taipei
discretization:
	temperature: 3
	power: 50
temperature unique data length:  7 , min value: 12 , max value: 30
powerSupply unique data length:  12 , min value: 500 , max value: 1050
powerUsage unique data length:  11 , min value: 6500 , max value: 11500


transactions length:  196
transactions: 
[
[24, 500, 7000] ,  [27, 650, 8500] ,  [27, 850, 9500] ,  [27, 850, 10500] ,  [27, 800, 9000] ,  [27, 750, 9500] ,  [27, 1000, 10500] ,  [27, 1000, 10500] , 
[27, 950, 10500] ,  [27, 900, 10500] ,  [24, 900, 10000] ,  [24, 750, 9000] ,  [21, 600, 7500] ,  [21, 700, 8000] ,  [24, 800, 9500] ,  [21, 800, 9500] , 
[24, 850, 9000] ,  [24, 850, 9500] ,  [24, 800, 8500] ,  [27, 800, 8500] ,  [27, 950, 10000] ,  [27, 900, 10000] ,  [27, 950, 10500] ,  [27, 950, 10500] , 
[30, 1000, 10500] ,  [27, 900, 9500] ,  [27, 800, 8500] ,  [24, 950, 10000] ,  [27, 950, 10000] ,  [27, 1000, 10500] ,  [27, 950, 10500] ,  [27, 950, 10000] , 
[21, 800, 8000] ,  [21, 700, 7000] ,  [21, 800, 8000] ,  [21, 900, 8500] ,  [18, 850, 8500] ,  [18, 850, 8500] ,  [21, 850, 8500] ,  [21, 750, 7500] , 
[24, 700, 7500] ,  [24, 900, 9000] ,  [21, 850, 9000] ,  [18, 900, 8500] ,  [18, 850, 8500] ,  [21, 850, 8000] ,  [24, 800, 7500] ,  [24, 700, 7500] , 
[24, 900, 9000] ,  [24, 950, 9500] ,  [24, 900, 9000] ,  [24, 900, 9000] ,  [24, 900, 9000] ,  [24, 800, 8000] ,  [24, 650, 7500] ,  [21, 850, 9000] , 
[21, 850, 9000] ,  [18, 800, 8500] ,  [18, 800, 8500] ,  [21, 800, 8500] ,  [21, 700, 7500] ,  [18, 650, 7000] ,  [18, 800, 8000] ,  [21, 800, 8500] , 
[21, 800, 8500] ,  [18, 750, 8500] ,  [18, 800, 8500] ,  [21, 700, 7500] ,  [21, 650, 7500] ,  [21, 800, 8500] ,  [18, 800, 8500] ,  [18, 800, 8500] , 
[18, 800, 8500] ,  [21, 800, 8500] ,  [18, 700, 7500] ,  [18, 650, 7000] ,  [21, 800, 8500] ,  [18, 800, 8500] ,  [18, 750, 8500] ,  [15, 750, 8500] , 
[15, 750, 8000] ,  [18, 650, 7500] ,  [21, 550, 7000] ,  [21, 750, 8500] ,  [24, 800, 9000] ,  [24, 800, 9000] ,  [21, 750, 8500] ,  [18, 700, 8500] , 
[18, 600, 7500] ,  [21, 550, 7000] ,  [21, 700, 8000] ,  [15, 700, 8500] ,  [12, 750, 8500] ,  [15, 700, 8000] ,  [18, 650, 8000] ,  [18, 550, 7000] , 
[21, 500, 6500] ,  [21, 550, 7500] ,  [18, 700, 8500] ,  [21, 700, 9000] ,  [21, 750, 9000] ,  [21, 700, 8500] ,  [21, 600, 8000] ,  [18, 550, 7000] , 
[15, 700, 8500] ,  [18, 700, 8500] ,  [18, 750, 8500] ,  [18, 700, 8500] ,  [15, 700, 8500] ,  [12, 550, 7500] ,  [12, 550, 7000] ,  [15, 700, 8500] , 
[18, 750, 8500] ,  [18, 750, 8500] ,  [18, 700, 8500] ,  [12, 650, 8500] ,  [12, 550, 7500] ,  [12, 500, 7000] ,  [12, 650, 8500] ,  [12, 700, 9000] , 
[24, 850, 8500] ,  [24, 900, 9500] ,  [24, 850, 9500] ,  [15, 700, 7500] ,  [18, 550, 7000] ,  [21, 800, 8500] ,  [21, 850, 9000] ,  [21, 850, 9000] , 
[15, 800, 8500] ,  [18, 750, 8500] ,  [21, 650, 7500] ,  [21, 650, 7000] ,  [24, 650, 7500] ,  [24, 850, 9000] ,  [24, 900, 9500] ,  [27, 900, 9500] , 
[27, 900, 9500] ,  [24, 750, 8000] ,  [21, 700, 7500] ,  [24, 850, 9500] ,  [24, 900, 9500] ,  [27, 900, 10000] ,  [27, 1000, 10000] ,  [27, 1000, 10000] , 
[24, 850, 8500] ,  [24, 750, 8000] ,  [24, 950, 9500] ,  [21, 850, 9000] ,  [21, 850, 9000] ,  [24, 900, 9500] ,  [24, 900, 9500] ,  [24, 750, 7500] , 
[24, 750, 8000] ,  [24, 950, 9500] ,  [27, 1000, 10000] ,  [27, 950, 10000] ,  [21, 900, 9000] ,  [21, 900, 9000] ,  [21, 800, 7500] ,  [21, 700, 7500] , 
[24, 800, 8000] ,  [27, 750, 8000] ,  [27, 950, 10000] ,  [30, 950, 10500] ,  [24, 900, 10000] ,  [24, 800, 9000] ,  [24, 700, 8000] ,  [27, 950, 10000] , 
[27, 950, 10500] ,  [30, 950, 11000] ,  [27, 950, 11000] ,  [30, 950, 11000] ,  [27, 900, 10000] ,  [27, 850, 9000] ,  [27, 950, 10500] ,  [27, 1000, 11000] , 
[24, 950, 10000] ,  [21, 900, 9500] ,  [21, 850, 9500] ,  [21, 700, 8500] ,  [24, 650, 8000] ,  [24, 850, 9500] ,  [27, 900, 10000] ,  [27, 1000, 10500] , 
[27, 1050, 11000] ,  [30, 1050, 11000] ,  [30, 900, 10000] ,  [30, 850, 9500] ,  [30, 1050, 11500] ,  [30, 1050, 11500] ,  [30, 1000, 11500] ,  [30, 1000, 11500] , 
[27, 1000, 11000] ,  [27, 900, 9500] ,  [27, 850, 9500] ,  [27, 1000, 11000] ,  ]


Apriori algorithm:
min_support:  0.02
min_confidence:  0.5

Frequent item set:( size: 98 )
[ [12] , [15] , [18] , [21] , [24] , [27] , [30] , [550] , [650] , [700] , [750] , [800] , [850] , [900] , [950] , [1000] , [1050] , [7000] , [7500] , [8000] , [8500] , [9000] , [9500] , [10000] , [10500] , [11000] , [11500] , [15, 700] , [15, 8500] , [18, 650] , [18, 700] , [18, 750] , [18, 800] , [18, 7000] , [18, 8500] , [21, 700] , [21, 750] , [21, 800] , [21, 850] , [21, 900] , [21, 7000] , [21, 7500] , [21, 8000] , [21, 8500] , [21, 9000] , [24, 750] , [24, 800] , [24, 850] , [24, 900] , [24, 950] , [24, 7500] , [24, 8000] , [24, 9000] , [24, 9500] , [24, 10000] , [27, 850] , [27, 900] , [27, 950] , [27, 1000] , [27, 9500] , [27, 10000] , [27, 10500] , [27, 11000] , [30, 11500] , [550, 7000] , [650, 7500] , [700, 7500] , [700, 8000] , [700, 8500] , [750, 8000] , [750, 8500] , [800, 8000] , [800, 8500] , [800, 9000] , [850, 8500] , [850, 9000] , [850, 9500] , [900, 9000] , [900, 9500] , [900, 10000] , [950, 10000] , [950, 10500] , [1000, 10500] , [15, 700, 8500] , [18, 700, 8500] , [18, 750, 8500] , [18, 800, 8500] , [21, 700, 7500] , [21, 800, 8500] , [21, 850, 9000] , [24, 850, 9500] , [24, 900, 9000] , [24, 900, 9500] , [27, 900, 9500] , [27, 900, 10000] , [27, 950, 10000] , [27, 950, 10500] , [27, 1000, 10500] , ]

Rules:
[15] -> [700] , confidence: 0.666666666667 support: 0.030612244898
[15] -> [8500] , confidence: 0.666666666667 support: 0.030612244898
[18] -> [8500] , confidence: 0.6875 support: 0.112244897959
[9500] -> [24] , confidence: 0.541666666667 support: 0.0663265306122
[950] -> [27] , confidence: 0.619047619048 support: 0.0663265306122
[1000] -> [27] , confidence: 0.769230769231 support: 0.0510204081633
[10000] -> [27] , confidence: 0.722222222222 support: 0.0663265306122
[10500] -> [27] , confidence: 0.857142857143 support: 0.0612244897959
[11000] -> [27] , confidence: 0.625 support: 0.0255102040816
[11500] -> [30] , confidence: 1.0 support: 0.0204081632653
[550] -> [7000] , confidence: 0.666666666667 support: 0.030612244898
[7000] -> [550] , confidence: 0.5 support: 0.030612244898
[750] -> [8500] , confidence: 0.5 support: 0.0510204081633
[800] -> [8500] , confidence: 0.58064516129 support: 0.0918367346939
[10500] -> [950] , confidence: 0.5 support: 0.0357142857143
[15, 700] -> [8500] , confidence: 0.666666666667 support: 0.0204081632653
[15, 8500] -> [700] , confidence: 0.666666666667 support: 0.0204081632653
[18, 700] -> [8500] , confidence: 0.833333333333 support: 0.0255102040816
[18, 750] -> [8500] , confidence: 1.0 support: 0.030612244898
[750, 8500] -> [18] , confidence: 0.6 support: 0.030612244898
[18, 800] -> [8500] , confidence: 0.875 support: 0.0357142857143
[700, 7500] -> [21] , confidence: 0.5 support: 0.0204081632653
[21, 800] -> [8500] , confidence: 0.636363636364 support: 0.0357142857143
[21, 8500] -> [800] , confidence: 0.538461538462 support: 0.0357142857143
[21, 850] -> [9000] , confidence: 0.7 support: 0.0357142857143
[21, 9000] -> [850] , confidence: 0.636363636364 support: 0.0357142857143
[850, 9000] -> [21] , confidence: 0.7 support: 0.0357142857143
[24, 850] -> [9500] , confidence: 0.5 support: 0.0204081632653
[850, 9500] -> [24] , confidence: 0.5 support: 0.0204081632653
[900, 9000] -> [24] , confidence: 0.714285714286 support: 0.0255102040816
[900, 9500] -> [24] , confidence: 0.5 support: 0.0255102040816
[27, 9500] -> [900] , confidence: 0.571428571429 support: 0.0204081632653
[900, 10000] -> [27] , confidence: 0.571428571429 support: 0.0204081632653
[950, 10000] -> [27] , confidence: 0.75 support: 0.030612244898
[27, 10500] -> [950] , confidence: 0.5 support: 0.030612244898
[950, 10500] -> [27] , confidence: 0.857142857143 support: 0.030612244898
[1000, 10500] -> [27] , confidence: 0.8 support: 0.0204081632653


Pymining algorithm:
Frequent item set:( size: 98 )
[ 21 , 750 , ],  [ 1000 , 27 , 10500 , ],  [ 1000 , 10500 , ],  [ 650 , ],  [ 800 , 8500 , 21 , ],  [ 9500 , ],  [ 850 , ],  [ 7500 , 21 , ],  [ 950 , ],  [ 7500 , ],  [ 27 , 950 , ],  [ 30 , ],  [ 700 , ],  [ 800 , 18 , 8500 , ],  [ 10500 , ],  [ 24 , 950 , ],  [ 27 , 10500 , ],  [ 24 , 7500 , ],  [ 8500 , 15 , ],  [ 11000 , ],  [ 7000 , 21 , ],  [ 850 , 9500 , ],  [ 700 , 7500 , 21 , ],  [ 12 , ],  [ 800 , 21 , ],  [ 24 , ],  [ 700 , 7500 , ],  [ 24 , 750 , ],  [ 8000 , 700 , ],  [ 1050 , ],  [ 850 , 21 , ],  [ 10000 , ],  [ 9000 , 850 , 21 , ],  [ 8000 , 21 , ],  [ 18 , 8500 , ],  [ 1000 , ],  [ 700 , 8500 , ],  [ 10000 , 900 , ],  [ 9000 , 850 , ],  [ 11500 , 30 , ],  [ 8000 , 24 , ],  [ 18 , 8500 , 750 , ],  [ 15 , ],  [ 24 , 9500 , ],  [ 24 , 850 , ],  [ 24 , 9000 , 900 , ],  [ 800 , 8500 , ],  [ 8500 , 21 , ],  [ 700 , 18 , 8500 , ],  [ 800 , 24 , ],  [ 700 , 8500 , 15 , ],  [ 8500 , ],  [ 8000 , 800 , ],  [ 9000 , 21 , ],  [ 800 , 18 , ],  [ 550 , ],  [ 10000 , 27 , 950 , ],  [ 10000 , 950 , ],  [ 750 , ],  [ 700 , 15 , ],  [ 10000 , 24 , ],  [ 27 , 10500 , 950 , ],  [ 7000 , ],  [ 800 , ],  [ 850 , 27 , ],  [ 9000 , 900 , ],  [ 18 , 700 , ],  [ 11500 , ],  [ 850 , 8500 , ],  [ 8000 , ],  [ 7000 , 550 , ],  [ 18 , ],  [ 9000 , ],  [ 900 , 21 , ],  [ 18 , 750 , ],  [ 9500 , 27 , 900 , ],  [ 8000 , 750 , ],  [ 10000 , 27 , 900 , ],  [ 11000 , 27 , ],  [ 650 , 7500 , ],  [ 9500 , 900 , ],  [ 24 , 9000 , ],  [ 24 , 9500 , 900 , ],  [ 8500 , 750 , ],  [ 24 , 850 , 9500 , ],  [ 27 , 9500 , ],  [ 10000 , 27 , ],  [ 10500 , 950 , ],  [ 7000 , 18 , ],  [ 1000 , 27 , ],  [ 900 , ],  [ 800 , 9000 , ],  [ 27 , 900 , ],  [ 18 , 650 , ],  [ 700 , 21 , ],  [ 21 , ],  [ 24 , 900 , ],  [ 27 , ],  

Rules:
[ 1000 , 10500 , -> 27 ], confidence: 0.8 , support: 0.0204081632653
[ 8500 , 21 , -> 800 ], confidence: 0.538461538462 , support: 0.0357142857143
[ 800 , 21 , -> 8500 ], confidence: 0.636363636364 , support: 0.0357142857143
[ 800 , 18 , -> 8500 ], confidence: 0.875 , support: 0.0357142857143
[ 7500 , 700 , -> 21 ], confidence: 0.5 , support: 0.0204081632653
[ 850 , 21 , -> 9000 ], confidence: 0.7 , support: 0.0357142857143
[ 9000 , 21 , -> 850 ], confidence: 0.636363636364 , support: 0.0357142857143
[ 9000 , 850 , -> 21 ], confidence: 0.7 , support: 0.0357142857143
[ 8500 , 750 , -> 18 ], confidence: 0.6 , support: 0.030612244898
[ 18 , 750 , -> 8500 ], confidence: 1.0 , support: 0.030612244898
[ 9000 , 900 , -> 24 ], confidence: 0.714285714286 , support: 0.0255102040816
[ 18 , 700 , -> 8500 ], confidence: 0.833333333333 , support: 0.0255102040816
[ 8500 , 15 , -> 700 ], confidence: 0.666666666667 , support: 0.0204081632653
[ 700 , 15 , -> 8500 ], confidence: 0.666666666667 , support: 0.0204081632653
[ 10000 , 950 , -> 27 ], confidence: 0.75 , support: 0.030612244898
[ 10500 , 950 , -> 27 ], confidence: 0.857142857143 , support: 0.030612244898
[ 27 , 10500 , -> 950 ], confidence: 0.5 , support: 0.030612244898
[ 27 , 9500 , -> 900 ], confidence: 0.571428571429 , support: 0.0204081632653
[ 10000 , 900 , -> 27 ], confidence: 0.571428571429 , support: 0.0204081632653
[ 900 , 9500 , -> 24 ], confidence: 0.5 , support: 0.0255102040816
[ 850 , 9500 , -> 24 ], confidence: 0.5 , support: 0.0204081632653
[ 24 , 850 , -> 9500 ], confidence: 0.5 , support: 0.0204081632653
[ 950 -> 27 ], confidence: 0.619047619048 , support: 0.0663265306122
[ 10500 -> 27 ], confidence: 0.857142857143 , support: 0.0612244897959
[ 15 -> 8500 ], confidence: 0.666666666667 , support: 0.030612244898
[ 18 -> 8500 ], confidence: 0.6875 , support: 0.112244897959
[ 11500 -> 30 ], confidence: 1.0 , support: 0.0204081632653
[ 9500 -> 24 ], confidence: 0.541666666667 , support: 0.0663265306122
[ 800 -> 8500 ], confidence: 0.58064516129 , support: 0.0918367346939
[ 15 -> 700 ], confidence: 0.666666666667 , support: 0.030612244898
[ 550 -> 7000 ], confidence: 0.666666666667 , support: 0.030612244898
[ 7000 -> 550 ], confidence: 0.5 , support: 0.030612244898
[ 11000 -> 27 ], confidence: 0.625 , support: 0.0255102040816
[ 750 -> 8500 ], confidence: 0.5 , support: 0.0510204081633
[ 10000 -> 27 ], confidence: 0.722222222222 , support: 0.0663265306122
[ 10500 -> 950 ], confidence: 0.5 , support: 0.0357142857143
[ 1000 -> 27 ], confidence: 0.769230769231 , support: 0.0510204081633
