Location: Taipei
discretization:
	temperature: 3
	power: 50
temperature unique data length:  7 , min value: 4 , max value: 10
powerSupply unique data length:  12 , min value: 500 , max value: 1050
powerUsage unique data length:  11 , min value: 13 , max value: 23


transactions length:  196
transactions: 
[
[8, 14] ,  [9, 17] ,  [9, 19] ,  [9, 21] ,  [9, 18] ,  [9, 19] ,  [9, 21] ,  [9, 21] , 
[9, 21] ,  [9, 21] ,  [8, 20] ,  [8, 18] ,  [7, 15] ,  [7, 16] ,  [8, 19] ,  [7, 19] , 
[8, 18] ,  [8, 19] ,  [8, 17] ,  [9, 17] ,  [9, 20] ,  [9, 20] ,  [9, 21] ,  [9, 21] , 
[10, 21] ,  [9, 19] ,  [9, 17] ,  [8, 20] ,  [9, 20] ,  [9, 21] ,  [9, 21] ,  [9, 20] , 
[7, 16] ,  [7, 14] ,  [7, 16] ,  [7, 17] ,  [6, 17] ,  [6, 17] ,  [7, 17] ,  [7, 15] , 
[8, 15] ,  [8, 18] ,  [7, 18] ,  [6, 17] ,  [6, 17] ,  [7, 16] ,  [8, 15] ,  [8, 15] , 
[8, 18] ,  [8, 19] ,  [8, 18] ,  [8, 18] ,  [8, 18] ,  [8, 16] ,  [8, 15] ,  [7, 18] , 
[7, 18] ,  [6, 17] ,  [6, 17] ,  [7, 17] ,  [7, 15] ,  [6, 14] ,  [6, 16] ,  [7, 17] , 
[7, 17] ,  [6, 17] ,  [6, 17] ,  [7, 15] ,  [7, 15] ,  [7, 17] ,  [6, 17] ,  [6, 17] , 
[6, 17] ,  [7, 17] ,  [6, 15] ,  [6, 14] ,  [7, 17] ,  [6, 17] ,  [6, 17] ,  [5, 17] , 
[5, 16] ,  [6, 15] ,  [7, 14] ,  [7, 17] ,  [8, 18] ,  [8, 18] ,  [7, 17] ,  [6, 17] , 
[6, 15] ,  [7, 14] ,  [7, 16] ,  [5, 17] ,  [4, 17] ,  [5, 16] ,  [6, 16] ,  [6, 14] , 
[7, 13] ,  [7, 15] ,  [6, 17] ,  [7, 18] ,  [7, 18] ,  [7, 17] ,  [7, 16] ,  [6, 14] , 
[5, 17] ,  [6, 17] ,  [6, 17] ,  [6, 17] ,  [5, 17] ,  [4, 15] ,  [4, 14] ,  [5, 17] , 
[6, 17] ,  [6, 17] ,  [6, 17] ,  [4, 17] ,  [4, 15] ,  [4, 14] ,  [4, 17] ,  [4, 18] , 
[8, 17] ,  [8, 19] ,  [8, 19] ,  [5, 15] ,  [6, 14] ,  [7, 17] ,  [7, 18] ,  [7, 18] , 
[5, 17] ,  [6, 17] ,  [7, 15] ,  [7, 14] ,  [8, 15] ,  [8, 18] ,  [8, 19] ,  [9, 19] , 
[9, 19] ,  [8, 16] ,  [7, 15] ,  [8, 19] ,  [8, 19] ,  [9, 20] ,  [9, 20] ,  [9, 20] , 
[8, 17] ,  [8, 16] ,  [8, 19] ,  [7, 18] ,  [7, 18] ,  [8, 19] ,  [8, 19] ,  [8, 15] , 
[8, 16] ,  [8, 19] ,  [9, 20] ,  [9, 20] ,  [7, 18] ,  [7, 18] ,  [7, 15] ,  [7, 15] , 
[8, 16] ,  [9, 16] ,  [9, 20] ,  [10, 21] ,  [8, 20] ,  [8, 18] ,  [8, 16] ,  [9, 20] , 
[9, 21] ,  [10, 22] ,  [9, 22] ,  [10, 22] ,  [9, 20] ,  [9, 18] ,  [9, 21] ,  [9, 22] , 
[8, 20] ,  [7, 19] ,  [7, 19] ,  [7, 17] ,  [8, 16] ,  [8, 19] ,  [9, 20] ,  [9, 21] , 
[9, 22] ,  [10, 22] ,  [10, 20] ,  [10, 19] ,  [10, 23] ,  [10, 23] ,  [10, 23] ,  [10, 23] , 
[9, 22] ,  [9, 19] ,  [9, 19] ,  [9, 22] ,  ]


Apriori algorithm:
min_support:  0.02
min_confidence:  0.1

Frequent item set:( size: 35 )
[ [4] , [5] , [6] , [7] , [8] , [9] , [10] , [14] , [15] , [16] , [17] , [18] , [19] , [20] , [21] , [22] , [23] , [5, 17] , [6, 14] , [6, 17] , [7, 14] , [7, 15] , [7, 16] , [7, 17] , [7, 18] , [8, 15] , [8, 16] , [8, 18] , [8, 19] , [8, 20] , [9, 19] , [9, 20] , [9, 21] , [9, 22] , [10, 23] , ]

Rules:
[5] -> [17] , confidence: 0.666666666667 support: 0.030612244898
[17] -> [5] , confidence: 0.12 support: 0.030612244898
[6] -> [14] , confidence: 0.15625 support: 0.0255102040816
[14] -> [6] , confidence: 0.416666666667 support: 0.0255102040816
[6] -> [17] , confidence: 0.6875 support: 0.112244897959
[17] -> [6] , confidence: 0.44 support: 0.112244897959
[14] -> [7] , confidence: 0.333333333333 support: 0.0204081632653
[7] -> [15] , confidence: 0.208333333333 support: 0.0510204081633
[15] -> [7] , confidence: 0.454545454545 support: 0.0510204081633
[7] -> [16] , confidence: 0.125 support: 0.030612244898
[16] -> [7] , confidence: 0.333333333333 support: 0.030612244898
[7] -> [17] , confidence: 0.270833333333 support: 0.0663265306122
[17] -> [7] , confidence: 0.26 support: 0.0663265306122
[7] -> [18] , confidence: 0.229166666667 support: 0.0561224489796
[18] -> [7] , confidence: 0.44 support: 0.0561224489796
[8] -> [15] , confidence: 0.133333333333 support: 0.030612244898
[15] -> [8] , confidence: 0.272727272727 support: 0.030612244898
[8] -> [16] , confidence: 0.155555555556 support: 0.0357142857143
[16] -> [8] , confidence: 0.388888888889 support: 0.0357142857143
[8] -> [18] , confidence: 0.244444444444 support: 0.0561224489796
[18] -> [8] , confidence: 0.44 support: 0.0561224489796
[8] -> [19] , confidence: 0.288888888889 support: 0.0663265306122
[19] -> [8] , confidence: 0.541666666667 support: 0.0663265306122
[20] -> [8] , confidence: 0.222222222222 support: 0.0204081632653
[9] -> [19] , confidence: 0.162790697674 support: 0.0357142857143
[19] -> [9] , confidence: 0.291666666667 support: 0.0357142857143
[9] -> [20] , confidence: 0.302325581395 support: 0.0663265306122
[20] -> [9] , confidence: 0.722222222222 support: 0.0663265306122
[9] -> [21] , confidence: 0.279069767442 support: 0.0612244897959
[21] -> [9] , confidence: 0.857142857143 support: 0.0612244897959
[9] -> [22] , confidence: 0.116279069767 support: 0.0255102040816
[22] -> [9] , confidence: 0.625 support: 0.0255102040816
[10] -> [23] , confidence: 0.363636363636 support: 0.0204081632653
[23] -> [10] , confidence: 1.0 support: 0.0204081632653


Pymining algorithm:
Frequent item set:( size: 35 )
[ 15 , 7 , ],  [ 21 , ],  [ 19 , ],  [ 16 , ],  [ 10 , 23 , ],  [ 22 , ],  [ 8 , 15 , ],  [ 9 , ],  [ 9 , 19 , ],  [ 7 , ],  [ 9 , 21 , ],  [ 5 , ],  [ 10 , ],  [ 18 , 7 , ],  [ 9 , 20 , ],  [ 16 , 7 , ],  [ 17 , 5 , ],  [ 9 , 22 , ],  [ 20 , ],  [ 17 , 6 , ],  [ 15 , ],  [ 8 , ],  [ 14 , ],  [ 23 , ],  [ 4 , ],  [ 17 , 7 , ],  [ 8 , 18 , ],  [ 8 , 19 , ],  [ 16 , 8 , ],  [ 17 , ],  [ 6 , ],  [ 18 , ],  [ 8 , 20 , ],  [ 14 , 7 , ],  [ 14 , 6 , ],  

Rules:
7 -> 15 , confidence: 0.208333333333 , support: 0.0510204081633
15 -> 7 , confidence: 0.454545454545 , support: 0.0510204081633
23 -> 10 , confidence: 1.0 , support: 0.0204081632653
10 -> 23 , confidence: 0.363636363636 , support: 0.0204081632653
15 -> 8 , confidence: 0.272727272727 , support: 0.030612244898
8 -> 15 , confidence: 0.133333333333 , support: 0.030612244898
19 -> 9 , confidence: 0.291666666667 , support: 0.0357142857143
9 -> 19 , confidence: 0.162790697674 , support: 0.0357142857143
21 -> 9 , confidence: 0.857142857143 , support: 0.0612244897959
9 -> 21 , confidence: 0.279069767442 , support: 0.0612244897959
7 -> 18 , confidence: 0.229166666667 , support: 0.0561224489796
18 -> 7 , confidence: 0.44 , support: 0.0561224489796
20 -> 9 , confidence: 0.722222222222 , support: 0.0663265306122
9 -> 20 , confidence: 0.302325581395 , support: 0.0663265306122
7 -> 16 , confidence: 0.125 , support: 0.030612244898
16 -> 7 , confidence: 0.333333333333 , support: 0.030612244898
5 -> 17 , confidence: 0.666666666667 , support: 0.030612244898
17 -> 5 , confidence: 0.12 , support: 0.030612244898
22 -> 9 , confidence: 0.625 , support: 0.0255102040816
9 -> 22 , confidence: 0.116279069767 , support: 0.0255102040816
6 -> 17 , confidence: 0.6875 , support: 0.112244897959
17 -> 6 , confidence: 0.44 , support: 0.112244897959
7 -> 17 , confidence: 0.270833333333 , support: 0.0663265306122
17 -> 7 , confidence: 0.26 , support: 0.0663265306122
18 -> 8 , confidence: 0.44 , support: 0.0561224489796
8 -> 18 , confidence: 0.244444444444 , support: 0.0561224489796
19 -> 8 , confidence: 0.541666666667 , support: 0.0663265306122
8 -> 19 , confidence: 0.288888888889 , support: 0.0663265306122
8 -> 16 , confidence: 0.155555555556 , support: 0.0357142857143
16 -> 8 , confidence: 0.388888888889 , support: 0.0357142857143
20 -> 8 , confidence: 0.222222222222 , support: 0.0204081632653
14 -> 7 , confidence: 0.333333333333 , support: 0.0204081632653
6 -> 14 , confidence: 0.15625 , support: 0.0255102040816
14 -> 6 , confidence: 0.416666666667 , support: 0.0255102040816
