Location: Taipei
discretization:
	temperature: 3
	power: 10
temperature unique data length:  7 , min value: 12 , max value: 30
powerSupply unique data length:  51 , min value: 500 , max value: 1070
powerUsage unique data length:  43 , min value: 6900 , max value: 11600


transactions length:  196
transactions: 
[
[24, 530, 7300] ,  [27, 680, 8800] ,  [27, 850, 9800] ,  [27, 890, 10500] ,  [27, 810, 9400] ,  [27, 780, 9600] ,  [27, 1000, 10900] ,  [27, 1010, 10500] , 
[27, 990, 10600] ,  [27, 930, 10600] ,  [24, 910, 10200] ,  [24, 750, 9000] ,  [21, 620, 7800] ,  [21, 710, 8100] ,  [24, 830, 9600] ,  [21, 840, 9500] , 
[24, 870, 9400] ,  [24, 880, 9500] ,  [24, 820, 8700] ,  [27, 800, 8500] ,  [27, 960, 10200] ,  [27, 940, 10400] ,  [27, 980, 10600] ,  [27, 970, 10700] , 
[30, 1000, 10900] ,  [27, 920, 9700] ,  [27, 840, 8900] ,  [24, 970, 10000] ,  [27, 980, 10000] ,  [27, 1000, 10700] ,  [27, 990, 10600] ,  [27, 990, 10400] , 
[21, 820, 8200] ,  [21, 740, 7400] ,  [21, 800, 8300] ,  [21, 900, 8800] ,  [18, 870, 8600] ,  [18, 850, 8700] ,  [21, 850, 8800] ,  [21, 750, 7900] , 
[24, 710, 7700] ,  [24, 900, 9200] ,  [21, 890, 9100] ,  [18, 900, 8700] ,  [18, 880, 8700] ,  [21, 870, 8400] ,  [24, 820, 7900] ,  [24, 720, 7700] , 
[24, 920, 9200] ,  [24, 990, 9800] ,  [24, 930, 9200] ,  [24, 930, 9300] ,  [24, 930, 9200] ,  [24, 800, 8300] ,  [24, 680, 7800] ,  [21, 850, 9100] , 
[21, 850, 9300] ,  [18, 810, 8900] ,  [18, 800, 8700] ,  [21, 840, 8800] ,  [21, 730, 7900] ,  [18, 650, 7300] ,  [18, 800, 8400] ,  [21, 820, 8700] , 
[21, 820, 8900] ,  [18, 780, 8700] ,  [18, 800, 8600] ,  [21, 720, 7900] ,  [21, 670, 7600] ,  [21, 830, 8800] ,  [18, 800, 8700] ,  [18, 810, 8700] , 
[18, 810, 8800] ,  [21, 810, 8600] ,  [18, 720, 7800] ,  [18, 670, 7400] ,  [21, 820, 8700] ,  [18, 820, 8800] ,  [18, 780, 8700] ,  [15, 790, 8500] , 
[15, 780, 8400] ,  [18, 670, 7600] ,  [21, 590, 7300] ,  [21, 790, 8700] ,  [24, 840, 9100] ,  [24, 830, 9200] ,  [21, 760, 8900] ,  [18, 730, 8500] , 
[18, 630, 7500] ,  [21, 580, 7300] ,  [21, 730, 8400] ,  [15, 740, 8500] ,  [12, 750, 8500] ,  [15, 700, 8300] ,  [18, 670, 8100] ,  [18, 580, 7200] , 
[21, 510, 6900] ,  [21, 580, 7500] ,  [18, 700, 8900] ,  [21, 730, 9000] ,  [21, 770, 9000] ,  [21, 740, 8900] ,  [21, 600, 8000] ,  [18, 550, 7400] , 
[15, 710, 8600] ,  [18, 720, 8600] ,  [18, 760, 8800] ,  [18, 730, 8800] ,  [15, 720, 8600] ,  [12, 580, 7500] ,  [12, 560, 7400] ,  [15, 740, 8700] , 
[18, 760, 8800] ,  [18, 750, 8800] ,  [18, 740, 8800] ,  [12, 650, 8700] ,  [12, 580, 7800] ,  [12, 500, 7400] ,  [12, 680, 8600] ,  [12, 740, 9100] , 
[24, 870, 8600] ,  [24, 900, 9700] ,  [24, 860, 9500] ,  [15, 700, 7700] ,  [18, 590, 7200] ,  [21, 830, 8800] ,  [21, 880, 9200] ,  [21, 890, 9300] , 
[15, 800, 8800] ,  [18, 770, 8500] ,  [21, 660, 7500] ,  [21, 660, 7300] ,  [24, 660, 7900] ,  [24, 850, 9400] ,  [24, 910, 9600] ,  [27, 910, 9900] , 
[27, 920, 9900] ,  [24, 770, 8400] ,  [21, 700, 7800] ,  [24, 890, 9800] ,  [24, 900, 9700] ,  [27, 920, 10200] ,  [27, 1000, 10400] ,  [27, 1000, 10300] , 
[24, 870, 8600] ,  [24, 780, 8200] ,  [24, 950, 9900] ,  [21, 870, 9300] ,  [21, 850, 9300] ,  [24, 910, 9600] ,  [24, 910, 9500] ,  [24, 780, 7900] , 
[24, 770, 8000] ,  [24, 960, 9800] ,  [27, 1010, 10300] ,  [27, 990, 10200] ,  [21, 910, 9400] ,  [21, 900, 9100] ,  [21, 800, 7900] ,  [21, 740, 7500] , 
[24, 820, 8000] ,  [27, 770, 8300] ,  [27, 970, 10200] ,  [30, 980, 10700] ,  [24, 930, 10100] ,  [24, 830, 9400] ,  [24, 730, 8400] ,  [27, 950, 10300] , 
[27, 980, 10800] ,  [30, 980, 11100] ,  [27, 980, 11200] ,  [30, 980, 11100] ,  [27, 930, 10000] ,  [27, 880, 9400] ,  [27, 990, 10900] ,  [27, 1030, 11100] , 
[24, 960, 10100] ,  [21, 900, 9600] ,  [21, 890, 9700] ,  [21, 740, 8500] ,  [24, 680, 8100] ,  [24, 880, 9900] ,  [27, 940, 10300] ,  [27, 1010, 10800] , 
[27, 1070, 11100] ,  [30, 1060, 11100] ,  [30, 940, 10000] ,  [30, 880, 9700] ,  [30, 1060, 11600] ,  [30, 1050, 11600] ,  [30, 1030, 11600] ,  [30, 1010, 11500] , 
[27, 1020, 11200] ,  [27, 930, 9800] ,  [27, 870, 9500] ,  [27, 1000, 11200] ,  ]


Apriori algorithm:
min_support:  0.02
min_confidence:  0.5

Frequent item set:( size: 78 )
[ [12] , [15] , [18] , [21] , [24] , [27] , [30] , [580] , [670] , [680] , [700] , [720] , [730] , [740] , [750] , [770] , [780] , [800] , [810] , [820] , [830] , [840] , [850] , [870] , [880] , [890] , [900] , [910] , [920] , [930] , [980] , [990] , [1000] , [1010] , [7300] , [7400] , [7500] , [7800] , [7900] , [8300] , [8400] , [8500] , [8600] , [8700] , [8800] , [8900] , [9100] , [9200] , [9300] , [9400] , [9500] , [9600] , [9700] , [9800] , [9900] , [10000] , [10200] , [10300] , [10600] , [11100] , [18, 800] , [18, 8700] , [18, 8800] , [21, 740] , [21, 820] , [21, 850] , [21, 7900] , [21, 8800] , [21, 9300] , [24, 910] , [24, 930] , [24, 9200] , [27, 980] , [27, 990] , [27, 1000] , [27, 10200] , [27, 10300] , [27, 10600] , ]

Rules:
[8700] -> [18] , confidence: 0.571428571429 support: 0.0408163265306
[8800] -> [18] , confidence: 0.5 support: 0.0357142857143
[740] -> [21] , confidence: 0.5 support: 0.0204081632653
[820] -> [21] , confidence: 0.5 support: 0.0204081632653
[850] -> [21] , confidence: 0.571428571429 support: 0.0204081632653
[7900] -> [21] , confidence: 0.571428571429 support: 0.0204081632653
[9300] -> [21] , confidence: 0.8 support: 0.0204081632653
[910] -> [24] , confidence: 0.666666666667 support: 0.0204081632653
[930] -> [24] , confidence: 0.571428571429 support: 0.0204081632653
[9200] -> [24] , confidence: 0.833333333333 support: 0.0255102040816
[980] -> [27] , confidence: 0.571428571429 support: 0.0204081632653
[990] -> [27] , confidence: 0.833333333333 support: 0.0255102040816
[1000] -> [27] , confidence: 0.833333333333 support: 0.0255102040816
[10200] -> [27] , confidence: 0.8 support: 0.0204081632653
[10300] -> [27] , confidence: 1.0 support: 0.0204081632653
[10600] -> [27] , confidence: 1.0 support: 0.0204081632653


Pymining algorithm:
Frequent item set:( size: 78 )
[ 990 , ],  [ 30 , ],  [ 9300 , ],  [ 800 , 18 , ],  [ 8400 , ],  [ 8800 , ],  [ 7900 , 21 , ],  [ 850 , ],  [ 8700 , ],  [ 980 , ],  [ 840 , ],  [ 27 , 10300 , ],  [ 580 , ],  [ 21 , ],  [ 820 , ],  [ 7400 , ],  [ 10000 , ],  [ 18 , 8700 , ],  [ 8800 , 18 , ],  [ 9900 , ],  [ 10200 , 27 , ],  [ 9400 , ],  [ 850 , 21 , ],  [ 9600 , ],  [ 9500 , ],  [ 9200 , 24 , ],  [ 740 , ],  [ 10600 , ],  [ 1000 , ],  [ 750 , ],  [ 9700 , ],  [ 24 , ],  [ 900 , ],  [ 15 , ],  [ 7500 , ],  [ 8800 , 21 , ],  [ 770 , ],  [ 10300 , ],  [ 10200 , ],  [ 670 , ],  [ 810 , ],  [ 9200 , ],  [ 800 , ],  [ 27 , 990 , ],  [ 870 , ],  [ 27 , 980 , ],  [ 700 , ],  [ 1010 , ],  [ 10600 , 27 , ],  [ 1000 , 27 , ],  [ 910 , ],  [ 7300 , ],  [ 730 , ],  [ 9800 , ],  [ 720 , ],  [ 8300 , ],  [ 740 , 21 , ],  [ 930 , ],  [ 780 , ],  [ 7800 , ],  [ 820 , 21 , ],  [ 830 , ],  [ 8500 , ],  [ 12 , ],  [ 24 , 930 , ],  [ 11100 , ],  [ 18 , ],  [ 8900 , ],  [ 680 , ],  [ 27 , ],  [ 24 , 910 , ],  [ 890 , ],  [ 8600 , ],  [ 880 , ],  [ 9100 , ],  [ 7900 , ],  [ 920 , ],  [ 9300 , 21 , ],  

Rules:
[ 7900 -> 21 ], confidence: 0.571428571429 , support: 0.0204081632653
[ 10300 -> 27 ], confidence: 1.0 , support: 0.0204081632653
[ 8700 -> 18 ], confidence: 0.571428571429 , support: 0.0408163265306
[ 8800 -> 18 ], confidence: 0.5 , support: 0.0357142857143
[ 10200 -> 27 ], confidence: 0.8 , support: 0.0204081632653
[ 850 -> 21 ], confidence: 0.571428571429 , support: 0.0204081632653
[ 9200 -> 24 ], confidence: 0.833333333333 , support: 0.0255102040816
[ 990 -> 27 ], confidence: 0.833333333333 , support: 0.0255102040816
[ 980 -> 27 ], confidence: 0.571428571429 , support: 0.0204081632653
[ 10600 -> 27 ], confidence: 1.0 , support: 0.0204081632653
[ 1000 -> 27 ], confidence: 0.833333333333 , support: 0.0255102040816
[ 740 -> 21 ], confidence: 0.5 , support: 0.0204081632653
[ 820 -> 21 ], confidence: 0.5 , support: 0.0204081632653
[ 930 -> 24 ], confidence: 0.571428571429 , support: 0.0204081632653
[ 910 -> 24 ], confidence: 0.666666666667 , support: 0.0204081632653
[ 9300 -> 21 ], confidence: 0.8 , support: 0.0204081632653
